1	3659
2	3659
3	3659
4	3659
5	3659
6	3659
7	3659
8	3659
9	3659
10	4126
11	4126
12	4126
13	4126
14	4126
15	4126
16	4126
17	4126
18	4126
19	4126
20	4173
21	4173
22	4173
23	4173
24	4173
25	4173
26	4173
27	4173
28	4173
29	4173
30	4173
31	4173
32	4173
33	4173
34	4173
35	4173
36	4173
37	4173
38	4173
39	4173
40	4210
41	4210
42	4210
43	4210
44	4210
45	4210
46	4210
47	4210
48	4210
49	4210
50	4214
51	4214
52	4214
53	4214
54	4214
55	4214
56	4214
57	4214
58	4214
59	4214
60	4262
61	4262
62	4262
63	4262
64	4262
65	4262
66	4262
67	4262
68	4262
69	4262
70	4304
71	4304
72	4304
73	4304
74	4304
75	4304
76	4304
77	4304
78	4304
79	4304
80	4317
81	4317
82	4317
83	4317
84	4317
85	4317
86	4317
87	4317
88	4317
89	4317
90	4342
91	4342
92	4342
93	4342
94	4342
95	4342
96	4342
97	4342
98	4342
99	4342
100	4347
101	4347
102	4347
103	4347
104	4347
105	4347
106	4347
107	4347
108	4347
109	4347
110	4379
111	4379
112	4379
113	4379
114	4379
115	4379
116	4379
117	4379
118	4379
119	4379
120	4411
121	4411
122	4411
123	4411
124	4411
125	4411
126	4411
127	4411
128	4411
129	4411
130	4411
131	4411
132	4411
133	4411
134	4411
135	4411
136	4411
137	4411
138	4411
139	4411
140	4411
141	4411
142	4411
143	4411
144	4411
145	4411
146	4411
147	4411
148	4411
149	4411
150	4411
151	4411
152	4411
153	4411
154	4411
155	4411
156	4411
157	4411
158	4411
159	4411
160	4411
161	4411
162	4411
163	4411
164	4411
165	4411
166	4411
167	4411
168	4411
169	4411
170	4411
171	4411
172	4411
173	4411
174	4411
175	4411
176	4411
177	4411
178	4411
179	4411
180	4411
181	4411
182	4411
183	4411
184	4411
185	4411
186	4411
187	4411
188	4411
189	4411
190	4411
191	4411
192	4411
193	4411
194	4411
195	4411
196	4411
197	4411
198	4411
199	4411
200	4411
201	4411
202	4411
203	4411
204	4411
205	4411
206	4411
207	4411
208	4411
209	4411
210	4411
211	4411
212	4411
213	4411
214	4411
215	4411
216	4411
217	4411
218	4411
219	4411
220	4411
221	4411
222	4411
223	4411
224	4411
225	4411
226	4411
227	4411
228	4411
229	4411
230	4411
231	4411
232	4411
233	4411
234	4411
235	4411
236	4411
237	4411
238	4411
239	4411
240	4411
241	4411
242	4411
243	4411
244	4411
245	4411
246	4411
247	4411
248	4411
249	4411
250	4411
251	4411
252	4411
253	4411
254	4411
255	4411
256	4411
257	4411
258	4411
259	4411
260	4411
261	4411
262	4411
263	4411
264	4411
265	4411
266	4411
267	4411
268	4411
269	4411
270	4411
271	4411
272	4411
273	4411
274	4411
275	4411
276	4411
277	4411
278	4411
279	4411
280	4411
281	4411
282	4411
283	4411
284	4411
285	4411
286	4411
287	4411
288	4411
289	4411
290	4411
291	4411
292	4411
293	4411
294	4411
295	4411
296	4411
297	4411
298	4411
299	4411
300	4411
301	4411
302	4411
303	4411
304	4411
305	4411
306	4411
307	4411
308	4411
309	4411
310	4411
311	4411
312	4411
313	4411
314	4411
315	4411
316	4411
317	4411
318	4411
319	4411
320	4411
321	4411
322	4411
323	4411
324	4411
325	4411
326	4411
327	4411
328	4411
329	4411
330	4411
331	4411
332	4411
333	4411
334	4411
335	4411
336	4411
337	4411
338	4411
339	4411
340	4411
341	4411
342	4411
343	4411
344	4411
345	4411
346	4411
347	4411
348	4411
349	4411
350	4411
351	4411
352	4411
353	4411
354	4411
355	4411
356	4411
357	4411
358	4411
359	4411
360	4411
361	4411
362	4411
363	4411
364	4411
365	4411
366	4411
367	4411
368	4411
369	4411
370	4411
371	4411
372	4411
373	4411
374	4411
375	4411
376	4411
377	4411
378	4411
379	4411
380	4411
381	4411
382	4411
383	4411
384	4411
385	4411
386	4411
387	4411
388	4411
389	4411
390	4411
391	4411
392	4411
393	4411
394	4411
395	4411
396	4411
397	4411
398	4411
399	4411
400	4411
401	4411
402	4411
403	4411
404	4411
405	4411
406	4411
407	4411
408	4411
409	4411
410	4411
411	4411
412	4411
413	4411
414	4411
415	4411
416	4411
417	4411
418	4411
419	4411
420	4411
421	4411
422	4411
423	4411
424	4411
425	4411
426	4411
427	4411
428	4411
429	4411
430	4411
431	4411
432	4411
433	4411
434	4411
435	4411
436	4411
437	4411
438	4411
439	4411
440	4411
441	4411
442	4411
443	4411
444	4411
445	4411
446	4411
447	4411
448	4411
449	4411
450	4411
451	4411
452	4411
453	4411
454	4411
455	4411
456	4411
457	4411
458	4411
459	4411
460	4411
461	4411
462	4411
463	4411
464	4411
465	4411
466	4411
467	4411
468	4411
469	4411
470	4411
471	4411
472	4411
473	4411
474	4411
475	4411
476	4411
477	4411
478	4411
479	4411
480	4411
481	4411
482	4411
483	4411
484	4411
485	4411
486	4411
487	4411
488	4411
489	4411
490	4411
491	4411
492	4411
493	4411
494	4411
495	4411
496	4411
497	4411
498	4411
499	4411
500	4411
501	4411
502	4411
503	4411
504	4411
505	4411
506	4411
507	4411
508	4411
509	4411
510	4411
511	4411
512	4411
513	4411
514	4411
515	4411
516	4411
517	4411
518	4411
519	4411
520	4411
521	4411
522	4411
523	4411
524	4411
525	4411
526	4411
527	4411
528	4411
529	4411
530	4411
531	4411
532	4411
533	4411
534	4411
535	4411
536	4411
537	4411
538	4411
539	4411
540	4411
541	4411
542	4411
543	4411
544	4411
545	4411
546	4411
547	4411
548	4411
549	4411
550	4411
551	4411
552	4411
553	4411
554	4411
555	4411
556	4411
557	4411
558	4411
559	4411
560	4411
561	4411
562	4411
563	4411
564	4411
565	4411
566	4411
567	4411
568	4411
569	4411
570	4411
571	4411
572	4411
573	4411
574	4411
575	4411
576	4411
577	4411
578	4411
579	4411
580	4411
581	4411
582	4411
583	4411
584	4411
585	4411
586	4411
587	4411
588	4411
589	4411
590	4411
591	4411
592	4411
593	4411
594	4411
595	4411
596	4411
597	4411
598	4411
599	4411
600	4411
601	4411
602	4411
603	4411
604	4411
605	4411
606	4411
607	4411
608	4411
609	4411
610	4411
611	4411
612	4411
613	4411
614	4411
615	4411
616	4411
617	4411
618	4411
619	4411
620	4411
621	4411
622	4411
623	4411
624	4411
625	4411
626	4411
627	4411
628	4411
629	4411
630	4411
631	4411
632	4411
633	4411
634	4411
635	4411
636	4411
637	4411
638	4411
639	4411
640	4411
641	4411
642	4411
643	4411
644	4411
645	4411
646	4411
647	4411
648	4411
649	4411
650	4411
651	4411
652	4411
653	4411
654	4411
655	4411
656	4411
657	4411
658	4411
659	4411
660	4411
661	4411
662	4411
663	4411
664	4411
665	4411
666	4411
667	4411
668	4411
669	4411
670	4411
671	4411
672	4411
673	4411
674	4411
675	4411
676	4411
677	4411
678	4411
679	4411
680	4411
681	4411
682	4411
683	4411
684	4411
685	4411
686	4411
687	4411
688	4411
689	4411
690	4411
691	4411
692	4411
693	4411
694	4411
695	4411
696	4411
697	4411
698	4411
699	4411
700	4411
701	4411
702	4411
703	4411
704	4411
705	4411
706	4411
707	4411
708	4411
709	4411
710	4411
711	4411
712	4411
713	4411
714	4411
715	4411
716	4411
717	4411
718	4411
719	4411
720	4411
721	4411
722	4411
723	4411
724	4411
725	4411
726	4411
727	4411
728	4411
729	4411
730	4411
731	4411
732	4411
733	4411
734	4411
735	4411
736	4411
737	4411
738	4411
739	4411
740	4411
741	4411
742	4411
743	4411
744	4411
745	4411
746	4411
747	4411
748	4411
749	4411
750	4411
751	4411
752	4411
753	4411
754	4411
755	4411
756	4411
757	4411
758	4411
759	4411
760	4411
761	4411
762	4411
763	4411
764	4411
765	4411
766	4411
767	4411
768	4411
769	4411
770	4411
771	4411
772	4411
773	4411
774	4411
775	4411
776	4411
777	4411
778	4411
779	4411
780	4411
781	4411
782	4411
783	4411
784	4411
785	4411
786	4411
787	4411
788	4411
789	4411
790	4411
791	4411
792	4411
793	4411
794	4411
795	4411
796	4411
797	4411
798	4411
799	4411
800	4411
801	4411
802	4411
803	4411
804	4411
805	4411
806	4411
807	4411
808	4411
809	4411
810	4411
811	4411
812	4411
813	4411
814	4411
815	4411
816	4411
817	4411
818	4411
819	4411
820	4411
821	4411
822	4411
823	4411
824	4411
825	4411
826	4411
827	4411
828	4411
829	4411
830	4411
831	4411
832	4411
833	4411
834	4411
835	4411
836	4411
837	4411
838	4411
839	4411
840	4411
841	4411
842	4411
843	4411
844	4411
845	4411
846	4411
847	4411
848	4411
849	4411
850	4411
851	4411
852	4411
853	4411
854	4411
855	4411
856	4411
857	4411
858	4411
859	4411
860	4411
861	4411
862	4411
863	4411
864	4411
865	4411
866	4411
867	4411
868	4411
869	4411
870	4411
871	4411
872	4411
873	4411
874	4411
875	4411
876	4411
877	4411
878	4411
879	4411
880	4411
881	4411
882	4411
883	4411
884	4411
885	4411
886	4411
887	4411
888	4411
889	4411
890	4411
891	4411
892	4411
893	4411
894	4411
895	4411
896	4411
897	4411
898	4411
899	4411
900	4411
901	4411
902	4411
903	4411
904	4411
905	4411
906	4411
907	4411
908	4411
909	4411
910	4411
911	4411
912	4411
913	4411
914	4411
915	4411
916	4411
917	4411
918	4411
919	4411
920	4411
921	4411
922	4411
923	4411
924	4411
925	4411
926	4411
927	4411
928	4411
929	4411
930	4411
931	4411
932	4411
933	4411
934	4411
935	4411
936	4411
937	4411
938	4411
939	4411
940	4411
941	4411
942	4411
943	4411
944	4411
945	4411
946	4411
947	4411
948	4411
949	4411
950	4411
951	4411
952	4411
953	4411
954	4411
955	4411
956	4411
957	4411
958	4411
959	4411
960	4411
961	4411
962	4411
963	4411
964	4411
965	4411
966	4411
967	4411
968	4411
969	4411
970	4411
971	4411
972	4411
973	4411
974	4411
975	4411
976	4411
977	4411
978	4411
979	4411
980	4411
981	4411
982	4411
983	4411
984	4411
985	4411
986	4411
987	4411
988	4411
989	4411
990	4411
991	4411
992	4411
993	4411
994	4411
995	4411
996	4411
997	4411
998	4411
999	4411
1000	4411
1001	4411
1002	4411
1003	4411
1004	4411
1005	4411
1006	4411
1007	4411
1008	4411
1009	4411
1010	4411
1011	4411
1012	4411
1013	4411
1014	4411
1015	4411
1016	4411
1017	4411
1018	4411
1019	4411
1020	4411
1021	4411
1022	4411
1023	4411
1024	4411
1025	4411
1026	4411
1027	4411
1028	4411
1029	4411
1030	4411
1031	4411
1032	4411
1033	4411
1034	4411
1035	4411
1036	4411
1037	4411
1038	4411
1039	4411
1040	4411
1041	4411
1042	4411
1043	4411
1044	4411
1045	4411
1046	4411
1047	4411
1048	4411
1049	4411
1050	4411
1051	4411
1052	4411
1053	4411
1054	4411
1055	4411
1056	4411
1057	4411
1058	4411
1059	4411
1060	4411
1061	4411
1062	4411
1063	4411
1064	4411
1065	4411
1066	4411
1067	4411
1068	4411
1069	4411
1070	4411
1071	4411
1072	4411
1073	4411
1074	4411
1075	4411
1076	4411
1077	4411
1078	4411
1079	4411
1080	4411
1081	4411
1082	4411
1083	4411
1084	4411
1085	4411
1086	4411
1087	4411
1088	4411
1089	4411
1090	4411
1091	4411
1092	4411
1093	4411
1094	4411
1095	4411
1096	4411
1097	4411
1098	4411
1099	4411
1100	4411
1101	4411
1102	4411
1103	4411
1104	4411
1105	4411
1106	4411
1107	4411
1108	4411
1109	4411
1110	4411
1111	4411
1112	4411
1113	4411
1114	4411
1115	4411
1116	4411
1117	4411
1118	4411
1119	4411
1120	4411
1121	4411
1122	4411
1123	4411
1124	4411
1125	4411
1126	4411
1127	4411
1128	4411
1129	4411
1130	4411
1131	4411
1132	4411
1133	4411
1134	4411
1135	4411
1136	4411
1137	4411
1138	4411
1139	4411
1140	4411
1141	4411
1142	4411
1143	4411
1144	4411
1145	4411
1146	4411
1147	4411
1148	4411
1149	4411
1150	4411
1151	4411
1152	4411
1153	4411
1154	4411
1155	4411
1156	4411
1157	4411
1158	4411
1159	4411
1160	4411
1161	4411
1162	4411
1163	4411
1164	4411
1165	4411
1166	4411
1167	4411
1168	4411
1169	4411
1170	4411
1171	4411
1172	4411
1173	4411
1174	4411
1175	4411
1176	4411
1177	4411
1178	4411
1179	4411
1180	4411
1181	4411
1182	4411
1183	4411
1184	4411
1185	4411
1186	4411
1187	4411
1188	4411
1189	4411
1190	4411
1191	4411
1192	4411
1193	4411
1194	4411
1195	4411
1196	4411
1197	4411
1198	4411
1199	4411
1200	4411
1201	4411
1202	4411
1203	4411
1204	4411
1205	4411
1206	4411
1207	4411
1208	4411
1209	4411
1210	4411
1211	4411
1212	4411
1213	4411
1214	4411
1215	4411
1216	4411
1217	4411
1218	4411
1219	4411
1220	4411
1221	4411
1222	4411
1223	4411
1224	4411
1225	4411
1226	4411
1227	4411
1228	4411
1229	4411
1230	4411
1231	4411
1232	4411
1233	4411
1234	4411
1235	4411
1236	4411
1237	4411
1238	4411
1239	4411
1240	4411
1241	4411
1242	4411
1243	4411
1244	4411
1245	4411
1246	4411
1247	4411
1248	4411
1249	4411
1250	4411
1251	4411
1252	4411
1253	4411
1254	4411
1255	4411
1256	4411
1257	4411
1258	4411
1259	4411
1260	4411
1261	4411
1262	4411
1263	4411
1264	4411
1265	4411
1266	4411
1267	4411
1268	4411
1269	4411
1270	4411
1271	4411
1272	4411
1273	4411
1274	4411
1275	4411
1276	4411
1277	4411
1278	4411
1279	4411
1280	4411
1281	4411
1282	4411
1283	4411
1284	4411
1285	4411
1286	4411
1287	4411
1288	4411
1289	4411
1290	4411
1291	4411
1292	4411
1293	4411
1294	4411
1295	4411
1296	4411
1297	4411
1298	4411
1299	4411
1300	4411
1301	4411
1302	4411
1303	4411
1304	4411
1305	4411
1306	4411
1307	4411
1308	4411
1309	4411
1310	4411
1311	4411
1312	4411
1313	4411
1314	4411
1315	4411
1316	4411
1317	4411
1318	4411
1319	4411
1320	4411
1321	4411
1322	4411
1323	4411
1324	4411
1325	4411
1326	4411
1327	4411
1328	4411
1329	4411
1330	4411
1331	4411
1332	4411
1333	4411
1334	4411
1335	4411
1336	4411
1337	4411
1338	4411
1339	4411
1340	4411
1341	4411
1342	4411
1343	4411
1344	4411
1345	4411
1346	4411
1347	4411
1348	4411
1349	4411
1350	4411
1351	4411
1352	4411
1353	4411
1354	4411
1355	4411
1356	4411
1357	4411
1358	4411
1359	4411
1360	4411
1361	4411
1362	4411
1363	4411
1364	4411
1365	4411
1366	4411
1367	4411
1368	4411
1369	4411
1370	4411
1371	4411
1372	4411
1373	4411
1374	4411
1375	4411
1376	4411
1377	4411
1378	4411
1379	4411
1380	4411
1381	4411
1382	4411
1383	4411
1384	4411
1385	4411
1386	4411
1387	4411
1388	4411
1389	4411
1390	4411
1391	4411
1392	4411
1393	4411
1394	4411
1395	4411
1396	4411
1397	4411
1398	4411
1399	4411
1400	4411
1401	4411
1402	4411
1403	4411
1404	4411
1405	4411
1406	4411
1407	4411
1408	4411
1409	4411
1410	4411
1411	4411
1412	4411
1413	4411
1414	4411
1415	4411
1416	4411
1417	4411
1418	4411
1419	4411
1420	4411
1421	4411
1422	4411
1423	4411
1424	4411
1425	4411
1426	4411
1427	4411
1428	4411
1429	4411
1430	4411
1431	4411
1432	4411
1433	4411
1434	4411
1435	4411
1436	4411
1437	4411
1438	4411
1439	4411
1440	4411
1441	4411
1442	4411
1443	4411
1444	4411
1445	4411
1446	4411
1447	4411
1448	4411
1449	4411
1450	4411
1451	4411
1452	4411
1453	4411
1454	4411
1455	4411
1456	4411
1457	4411
1458	4411
1459	4411
1460	4411
1461	4411
1462	4411
1463	4411
1464	4411
1465	4411
1466	4411
1467	4411
1468	4411
1469	4411
1470	4411
1471	4411
1472	4411
1473	4411
1474	4411
1475	4411
1476	4411
1477	4411
1478	4411
1479	4411
1480	4411
1481	4411
1482	4411
1483	4411
1484	4411
1485	4411
1486	4411
1487	4411
1488	4411
1489	4411
1490	4411
1491	4411
1492	4411
1493	4411
1494	4411
1495	4411
1496	4411
1497	4411
1498	4411
1499	4411
1500	4411
1501	4411
1502	4411
1503	4411
1504	4411
1505	4411
1506	4411
1507	4411
1508	4411
1509	4411
1510	4411
1511	4411
1512	4411
1513	4411
1514	4411
1515	4411
1516	4411
1517	4411
1518	4411
1519	4411
1520	4411
1521	4411
1522	4411
1523	4411
1524	4411
1525	4411
1526	4411
1527	4411
1528	4411
1529	4411
1530	4411
1531	4411
1532	4411
1533	4411
1534	4411
1535	4411
1536	4411
1537	4411
1538	4411
1539	4411
1540	4411
1541	4411
1542	4411
1543	4411
1544	4411
1545	4411
1546	4411
1547	4411
1548	4411
1549	4411
1550	4411
1551	4411
1552	4411
1553	4411
1554	4411
1555	4411
1556	4411
1557	4411
1558	4411
1559	4411
1560	4411
1561	4411
1562	4411
1563	4411
1564	4411
1565	4411
1566	4411
1567	4411
1568	4411
1569	4411
1570	4411
1571	4411
1572	4411
1573	4411
1574	4411
1575	4411
1576	4411
1577	4411
1578	4411
1579	4411
1580	4411
1581	4411
1582	4411
1583	4411
1584	4411
1585	4411
1586	4411
1587	4411
1588	4411
1589	4411
1590	4411
1591	4411
1592	4411
1593	4411
1594	4411
1595	4411
1596	4411
1597	4411
1598	4411
1599	4411
1600	4411
1601	4411
1602	4411
1603	4411
1604	4411
1605	4411
1606	4411
1607	4411
1608	4411
1609	4411
1610	4411
1611	4411
1612	4411
1613	4411
1614	4411
1615	4411
1616	4411
1617	4411
1618	4411
1619	4411
1620	4411
1621	4411
1622	4411
1623	4411
1624	4411
1625	4411
1626	4411
1627	4411
1628	4411
1629	4411
1630	4411
1631	4411
1632	4411
1633	4411
1634	4411
